media=49693.53854523937
maximo=99998.9385641599
minimo=8.547151508253581
