media=49900.34142030251
maximo=99998.9385641599
minimo=8.547151508253581
